,d1,d2,d3,d4,d5,d6,d7,d8,d9,d10,d11,d12,d13,d14,d15,d16,d17,d18,d19,d20,d21
perceptfreq,0.7884258836352029,0.48018039513816335,0.5329870961944425,0.11060707225197837,0.15726672459371638,0.3881402351197313,0.4559022194314243,0.05287156270393806,0.06508296629702337,0.22006833072773954,0.1724428798175002,0.08329841249647266,0.07888390676517815,0.0901378960276273,0.005958259920402699,0.012078265503170423,0.00818978116027495,0.01898161639730132,0.03197440131530585,0.02988090538655773,0.03344232253392279
tentatfreq,1.7048473640563373,0.9922294818638334,0.047729805438744256,0.0029633467152791193,0.30225484879358905,0.0828922611271126,0.2024594464962554,0.04749947145896283,0.03735684058597677,0.1361758002135005,0.0070316286675292175,0.052062661181298917,0.026311460627795026,0.06256615777094587,0.019564997066582025,0.0639265191628233,0.03425984419882771,0.01381141299775742,0.012095489354778097,0.06324323907580193,0.04370887465759976
ipronfreq,4.0675353088549215,1.0142749428218465,0.052049705699793815,0.3048144235539645,0.3383750709400406,0.17545440044429317,0.4078851059238692,0.02361561254226048,0.009166913497385451,0.07119887677348188,0.0008119659954205112,0.023116322183068416,0.01807326378110767,0.14703803272028362,0.0068378647562947065,0.0022928320081695014,0.03754174956398687,0.00025526426062025265,0.01727616908320343,0.037602643315873985,0.01217680946015659
relativfreq,5.440340230608652,0.6135784927534957,0.4899461660415456,0.45407556495496354,1.3730552017828437,1.194335553229965,0.8074451451089242,0.32538631875863366,0.23650192531686792,0.010346357568433107,0.12186829592553589,0.06205091630421562,0.03794271976553687,0.1575652262937599,0.03458831639529014,0.009009107740933317,0.09584152633587611,0.08899483631487978,0.07840651665774015,0.05111303555414379,0.0203321968627303
causefreq,0.6161414929120583,0.6156475610801333,0.1800285430049195,0.21041762257136548,0.07326892492007506,0.05356903442823126,0.05882105975538009,0.08274521221885826,0.10577382700908773,0.04495529011634004,0.09287579932190007,0.04173833957232003,0.07085685242943465,0.06474752819718785,0.00317392694456764,0.11685225554808193,0.03694802019820425,0.00835296025523655,0.0019120477401139944,0.00704109138584718,0.054487523233107044
feelfreq,0.43990078345589495,0.3011368832267352,0.24212927771036974,0.17945290008691359,0.13586353634515147,0.16089842917551156,0.05948899589776681,0.021893344862677536,0.00467586490104187,0.05275997326405791,0.07486450369069522,0.01258879808690547,0.04905741156712226,0.034183868835005786,0.027799355311184906,0.005147311942594857,0.017198932768135104,0.028657903410667786,0.03368656436732877,0.019378960388852208,0.0022908465406281664
homefreq,0.28307921207836595,0.1677348635402254,0.18762773806471184,0.1817449463664231,0.15165633676897566,0.025812756650963053,0.027666134313594107,0.016088975414097206,0.020593632511910015,0.017452695571432683,0.039155725515621354,0.016866154268565903,0.10084246730020274,0.008117764300526456,0.008513763373404003,0.005037921354892929,0.010985723747155625,0.01341240445961086,0.00124853423286201,0.011794810419731346,0.07196882572191228
leisurefreq,0.4878107290903259,0.39035498992683815,0.8126154736446776,0.01505871837311093,0.3890565029351518,0.35494277507681427,0.1687318423713369,0.4806885703668433,0.10844697591626229,0.10330268164040766,0.20483689791970708,0.15720115431286813,0.03870580800801102,0.025258702787477626,0.11748824437551991,0.07676019113199814,0.06349133386583587,0.021818340334928625,0.04461966074941412,0.0912281291448709,0.09407218981842459
bodyfreq,0.3834687947748977,0.7073871684696575,0.1603241210224602,0.12780630669285564,0.051607435816341904,0.3446132970876691,0.1509471816472231,0.12411761493907067,0.015019223628378698,0.03074390067111228,0.0015099529538696883,0.023948526153638655,0.04280259600839921,0.020414071828745446,0.027196604484646295,0.0025227120091582053,0.009972910358882337,0.00034383327184756094,0.03492021925981262,0.03869633783598206,0.022174826465600435
biofreq,1.6627225244757486,1.5976707985301877,0.5447319087299032,0.45531088495189787,0.22325824115366785,0.5695226108635453,0.013253195527461487,0.29412608466906476,0.2419902980449729,0.06334017896988953,0.11924386028847458,0.026905420983312438,0.05703750251767132,0.012950516425894787,0.022145020797179768,0.0011046117477884554,0.0028492326011316862,0.031294249509897114,0.010990828359354379,0.05895763496410479,0.008233236629281552
spacefreq,1.506885347823642,0.5555447186153668,0.06674092494437667,0.35135110931691477,0.6139708531446217,0.7009079851680327,0.04379832263043998,0.11727888383496218,0.13911777574995154,0.10344699014449149,0.07744696560981933,0.15587584405351937,0.0273131221170897,0.0848527398101413,0.0985021636738653,0.04213330432378931,0.0369961211644385,0.0038330587099347987,0.004935058673397304,0.03272320291003265,0.05008948393633357
quantfreq,0.8138291013557443,0.8784145982455775,0.17268008517752254,0.0753418667876522,0.11837947773472718,0.15980104442704018,0.06161167020731773,0.04569861628511075,0.028327212908491425,0.0004828655802159715,0.04131354249993498,0.1176476393746945,0.07885524274771621,0.004681491662259743,0.026637887760837003,0.0033087312548241085,0.004655658864344282,0.04135279674156245,0.024508001418204063,0.010857551006994494,0.03655146173096237
discrepfreq,1.1584747339521713,0.5727287935094832,0.02343045077411577,0.10870113079712941,0.1679733972063251,0.03147771340212216,0.006130618075495919,0.06109921289495053,0.007528902362719685,0.10043298358791788,0.06662724548787789,0.04039978346476219,0.023743976671744098,0.0467307444770561,0.010277691933975631,0.014295879901545643,0.024722350096797577,0.00865296858346801,0.009189661873406047,0.01360512682275882,0.0010367323096919581
sadfreq,0.3182790320375356,0.10445999749968939,0.12327968786534851,0.18695895079248076,0.002892024169334437,0.029639149529430035,0.08385412918096864,0.014005017625736166,0.006431388171183886,0.0014844917928481646,0.019526853859220306,0.015996461102873942,0.003006728942720052,0.013187330971903489,0.018990450754288242,0.01105813511549194,0.01659344566019464,0.003097306609742988,0.0048227706804553705,0.0019516300778913912,0.01368393194921828
motionfreq,0.5408541894988594,0.05864784547636009,0.06469977903013413,0.10129959214376395,0.3768256636562093,0.20167250458861974,0.1559581254575979,0.026418918554993197,0.1312951511538554,0.013949638656398079,0.029419345585305925,0.04782227094959202,0.05014031612286275,0.05840380463411652,0.018407724071442283,0.0278328828513395,0.07941535730628907,0.0007745206782058933,0.035455508280671545,0.027534110117254932,0.03878941710270177
inhibfreq,0.09825358405684592,0.03933327794447944,0.12254097061139466,0.013019367674149199,0.048155170833313124,0.052936101337869454,0.06011602822971779,0.06269605197631103,0.005604243762809612,0.020614469440126397,0.02620464655470473,0.04233504094507437,0.00584043212108924,0.0028968805987470893,0.0021240481964241286,0.015069334375668875,0.016358534067780123,0.008072665879059634,0.004351287509732569,0.022204536373535394,0.011471179591573712
moneyfreq,0.8685527920070224,0.7886312560306984,0.2774264175869654,0.44357156950405124,0.22154271317069468,0.07353543133478829,0.31707993177624527,0.4885852934591716,0.2880600222930232,0.10325263623892206,0.05848201676907074,0.3174648430111494,0.07438146738681031,0.09863907195601,0.011402674365902383,0.040503910466032855,0.0017956864974536524,0.04841685471676506,0.07970481675642795,0.08298711103718324,0.04506909201218556
numberfreq,0.2370801882811694,0.005280502479723767,0.07706409415797717,0.023372120789851278,0.1513137295360099,0.08308156341622464,0.019456562643602987,0.0408361885192976,0.005452150150464661,0.016636953439712082,0.048550984809673604,0.01434584326356244,0.0226146798741431,0.013285273873826858,0.00011322208429531515,0.016036195170095788,0.011258614108733068,0.01192210698859583,0.004554452451066465,0.03244014753555986,0.00955826581352161
shehefreq,2.274254664332152,1.9136531320758658,0.3510081052824324,0.5948979537049498,0.6676489549731996,0.1609561119639058,0.09888371397751244,0.0906042763275337,0.09407030197578228,0.22423345262298158,0.2534705126635419,0.05971252953674935,0.21154836150579018,0.10392561826981886,0.028696657310884728,0.026616979013217572,0.029005889938464143,0.00574084346198574,0.08061313295291903,0.04795417301430856,0.009543438704468322
seefreq,0.16068794532376124,0.08610937714706038,0.12790929667615866,0.027645744727570046,0.06812883650371826,0.1664340773143278,0.235660613664224,0.027367519623017637,0.04742785908977895,0.07295139675800087,0.06830664292691568,0.06914514363679325,0.012870786305026055,0.007371479324395393,0.03774483122310744,0.05090606657896149,0.017669689003306108,0.01947280188066573,0.005116199639265189,0.02143630892162699,0.031928241077554015
posemofreq,0.8193300703382023,0.2943423674427611,0.9057636702014202,0.2283880961421773,0.8075432094136595,0.25266705282693136,0.02203149309485873,0.14635893367483493,0.049656087913912475,0.03908837708197739,0.08134897111472243,0.11886590949084601,0.040227595930830695,0.06315681566577268,0.016641435464820505,0.029893657767568242,0.023820962195906403,0.09417984407488965,0.009090904852089798,0.08540713681343126,0.05873887661149424
assentfreq,0.18978401090166644,0.1572998601039031,0.09028351683772859,0.025738156640584788,0.10907905979025538,0.03232370867937835,0.012331617233884217,0.020198888905571977,0.035673155942670155,0.015986839710152412,0.002255422964336477,0.03168582842152735,0.003167016337786253,0.051090789759323046,0.007391631947884966,0.012936544591323542,0.003011933006825141,0.007526660598928108,0.032809236555859156,0.0008137294478532562,0.005583366071790831
nonflfreq,0.04368948437109531,0.013101481577310174,0.01258170072154542,0.007933013769281731,0.015192256806982109,0.016108876444691337,0.0007602164260124486,0.003756466065213295,0.002413167007422527,0.013370897095966497,0.0058144686096321205,0.01830427840911849,0.012600544644294588,0.004333047295746837,0.001347301966139862,0.000593904874558065,0.010143570865058984,0.012554157154040041,0.002337915512841793,0.003566221124423041,0.00278805072845334
certainfreq,0.800664155346072,0.04348617952639408,0.18136626141701218,0.031408913531750855,0.013965953987922886,0.018586722085299847,0.02773744472777162,0.01520041846233467,0.023536357610718543,0.10238638178289278,0.003130456859008389,0.006327363052585825,0.017234500054324545,0.044978462155854534,0.013191583811854667,0.02355479224847852,0.004345847279804108,0.018299551228406666,0.0198846476885582,0.0029254738434861156,0.0027427731401701086
cogmechfreq,10.64439604424506,2.402073456053853,0.5216709466209773,0.31242484498752254,0.356850470142384,0.14683631041468756,0.21913276030741086,0.06684477579125458,0.3281106906294724,0.17671226949835767,0.07283442190883263,0.1844522306890003,0.10620378164509871,0.03856116603828552,0.05791389570929539,0.0708389926905448,0.05782629397779481,0.03146888530041897,0.06691070066147922,0.05721455303924715,0.09693033829379949
ingestfreq,0.36514696538376634,0.27153976110851985,0.23116422617192398,0.13609391036950885,0.01070003739606435,0.20270834980010471,0.12045016996323062,0.04393390672114325,0.16935478554340422,0.07519340284684733,0.04493978724850407,0.09911139619926175,0.09964725737838442,0.04621747195221884,0.03277334950616936,0.05476766161666971,0.006824771083564707,0.04271050119689316,0.08519383373993436,0.036369876746930686,0.0016467463815502937
deathfreq,0.20743134291036736,0.1375526052733075,0.24149931461216578,0.11266255595231506,0.0455121838593056,0.03480917483047705,0.000151101719952371,0.0014606873951589052,0.033413538242635925,0.0014450280755145197,0.00044159510195538373,0.009855665917199248,0.04039169934755785,0.01984526729730946,0.010412979130777338,0.05453965085025436,0.010162161176713602,0.010621988044830326,0.018463188924161548,0.009943498687442258,0.034246119805128386
achievefreq,0.2349358736794926,0.6584949748950993,0.6050253968623162,0.1276199294829462,0.07574638853990052,0.22986057229570284,0.2675272492513118,0.0788440611333182,0.0896480689809027,0.06198084331629943,0.034404030412983844,0.11732499399374567,0.09784485655458243,0.11150704530094732,0.03708383893098275,0.10857859030863753,0.08679882890961935,0.01411852513450048,0.009882799337924492,0.0033453130814743194,0.03645346923552985
pastfreq,3.671118440260606,1.1742801641056215,0.6346360867197471,0.019209799923838866,0.9169217677647581,0.06171238978149161,0.05081058021392,0.15679694189377083,0.1235777646595943,0.13632634905105165,0.06803541327395407,0.08575408286992622,0.08536592620680848,0.10857369355190091,0.05979787138196968,0.030541842940718128,0.009063908976718119,0.006971093847650316,0.029808381141970555,0.013781259142940087,0.01703031560647828
auxverbfreq,5.7453126015024925,1.3070285338384031,0.06244100028377695,0.13706102679517781,0.14690353031902717,0.06764682755746232,0.019252199164230155,0.1259575519159382,0.0806745205385615,0.17801080828901655,0.04132192809149673,0.03361510085570611,0.10680709457037747,0.061349252560859546,0.02075995087714788,0.12729785655813297,0.05296182726263962,0.015900550884603654,0.012587525131723107,0.003737992467223533,0.06009645629841559
exclfreq,2.1778787345847452,0.6277587325271521,0.0659222894147714,0.07418293895336667,0.29542434942181156,0.00025035635617735863,0.1258423576841602,0.06708003905040691,0.018501778779685306,0.08945924850756518,0.017577490470960078,0.05121135172453379,0.026063793898443235,0.012632760280085045,0.02167470326967573,0.053085025352713616,0.01599398045571445,0.011843953812068361,0.010002293787002002,0.03298306513477132,0.008723610263216997
inclfreq,2.9261864552490913,0.10552878903652513,0.30717211328715266,0.703209860525412,0.14843762424354146,0.4114286714323564,0.22935975169530293,0.07149163841667157,0.041513637966761996,0.124609491712365,0.05821847616112433,0.1278655230143704,0.03861458216277788,0.028608518677661607,0.07534645628504809,0.01754455546128338,0.054460321544482396,0.009988942242119485,0.014002626390366417,0.017359633527174193,0.007325313114797824
ifreq,7.123829109279929,0.0618303096507018,2.7503318562111083,0.4403935942391654,0.7878827504979456,0.5485772761013814,0.42923799044035693,0.05901161380595714,0.35265975431828733,0.0033592164503271765,0.2772287873993895,0.15619731853085286,0.05760088641287249,0.16403887925270388,0.014483310022682439,0.11680279253176493,0.057554971526378854,0.07042633368724821,0.028779120537167118,0.09605199737436804,0.0259746564663429
negemofreq,1.5694146872384347,0.6905556036669596,0.8227349380582822,0.7009160761537233,0.036161074843762214,0.12022568422212204,0.12647876708467903,0.024063486573458706,0.09618415663876083,0.011684049005116333,0.021041505745083983,0.03362002748723854,0.04033381717850598,0.031066117165079503,0.02986457708639901,0.03488952048788852,0.014274211177301491,0.03512930374548552,0.020964053446770867,0.014987378055242341,0.040066487741667586
adverbfreq,4.25847960854366,0.37872511449821983,0.15704706154295334,0.28037229340306036,0.02294143135976842,0.016497518169717104,0.09941226820766794,0.10260455486057554,0.06316259784058331,0.08337333605290248,0.004475664396028901,0.08346164600617526,0.02879912877394928,0.06387353073779768,0.03367864393170783,0.017664656179612194,0.031099887752334937,0.023673433052334353,0.0012696443951080195,0.028088386494089505,0.0005680736735272293
fillerfreq,0.003339424290712822,0.0006602950694281904,0.0009381281249783105,0.000508387370058811,0.00034447316689864246,0.0005576027667333695,0.0012020263544214758,0.0012143186390182069,0.0006062710437368233,0.00013167974241391878,0.000189054807506729,0.000989518746744301,0.0002039216897224066,0.0004238773069403348,7.338660930601639e-05,0.00022395124988403516,0.0003031507254889543,7.534805751498481e-05,0.0002940750455616972,0.0002712157614271074,0.0004985145178018961
workfreq,0.8696542591187812,0.9529766826102446,0.23447382086672774,0.48870476124747886,0.07790216571753232,0.2363806685768629,0.4603751931758806,0.19799862709861002,0.09096612980511945,0.2241064122620181,0.33314891379207656,0.24083957588269778,0.18443788438559447,0.3407920922098145,0.00689009445678556,0.1659712756643269,0.20020373064575697,0.045214399916311224,0.03949622666048612,0.0751771115342088,0.036541392912592646
absolutistfreq,0.7438538435350404,0.0461421168450538,0.13062047972867327,0.019178224154865597,0.061546564978112187,0.0054273775769824294,0.06652909404758646,0.00639873480894235,0.0027373812301166173,0.07640041174172918,0.003717662113859172,0.011512827343479404,0.0016562066656149923,0.047003040131743314,0.010488191213435236,0.008711035820291148,0.015553392327946947,0.012125251431138278,0.009872715352825578,0.0062312172482345005,0.0032094386733111796
theyfreq,0.43263899562255925,0.029472746809866494,0.30242387024855666,0.011852402240386887,0.2609555086049944,0.03686712620847904,0.09963565676040254,0.09890343097401835,0.007296051061753104,0.02041088153828588,0.044827392867517954,0.039104267047967926,0.03593128999087315,0.014027761704045214,0.03176000576010396,0.02774559000352996,0.03489427242765472,0.0096864934192275,0.04283740681103989,0.00951477483372293,0.013384062546893335
familyfreq,0.27101061101265744,0.45387641650743704,0.04803050863865757,0.06899953921821912,0.05700516535840672,0.10622831138690382,0.057522556306688996,0.005540460890779999,0.019539438049046072,0.05329783711189701,0.007499372284924007,0.06053825587262997,0.06430614730985232,0.011637725561594823,0.01944438440030833,0.007682363985994251,0.0013704358677470753,0.12330913313466559,0.0568887647502306,0.014813680303121447,0.03119174647545353
wefreq,0.2868356865528859,0.13275296105905238,0.3837487090723477,0.6033395929633978,0.23595409131500145,0.10236509057189797,0.28100693587926406,0.026562633433025232,0.0806011756235994,0.14291738008184826,0.10707958020003262,0.03881920658801563,0.08007848513689644,0.08364356934501332,0.020690884806388275,0.0883022606389961,0.07333653914588997,0.02230014092318265,0.0036530178212747823,0.015407464072639192,0.0057892030722924565
healthfreq,0.5697618728936098,0.3657207023102639,0.17182038984034465,0.2942706435963122,0.03162009457738656,0.042670581005469894,0.12689639417246923,0.07609470900312112,0.14176439406439612,0.004879628961717257,0.03882518940695376,0.0002835052188121974,0.030729902310511575,0.03667538983673731,0.03882212904796223,0.038689995961255635,0.002274277862319908,0.07048058430224238,0.048652240295176175,0.049962507931499686,0.008980278313972795
negatefreq,1.241391540558352,0.09212539965171944,0.0671014814736621,0.10539284917006858,0.011314854203246391,0.18354490309464586,0.0050711854522295235,0.02913285530880869,0.030021831215195457,0.0060468721154843495,0.046743921403703856,0.014023948390454205,0.04250421780256275,0.06251288541803719,0.0025910492882308643,0.002248171430919736,0.03784365230533508,0.011934447939520596,0.018942907755271382,0.005403118242655807,0.03423496047307782
religfreq,0.02094207556911571,0.159217809027154,0.14926134498814614,0.03830638561445227,0.053887160594395384,0.1088245478345781,0.09859678608346613,0.00956288405621736,0.059291719951359005,0.07801074348905027,0.06366224132034508,0.034691423886962745,0.08401004561254949,0.04405172983812368,0.09112427653327035,0.06109353045587056,0.0414658232558269,0.11040097502432264,0.012226865316726601,0.03562456341697325,0.05060581394503677
angerfreq,0.3103663649727648,0.3369205250690752,0.7732116862383891,0.35526285526695817,0.022620264848872456,0.019245930439686528,0.003276047804584039,0.01939763091965201,0.11829837337067725,0.030043662424983887,0.017593109502551565,0.03878585590106637,0.03152543511999706,0.008451515624659081,0.05507738814111128,0.028740898449867273,0.017219232424936812,0.006243135988077329,0.038764923949874304,0.029981345821149707,0.04605330417154632
sexualfreq,0.4082364778811627,0.40174919197906034,0.021449890736798344,0.0917552682769803,0.1993659582261541,0.06733998390766946,0.14421738458396588,0.09981792644986745,0.0701237347297358,0.05248351598412907,0.06561018908747424,0.08187594516575643,0.053599353834847374,0.04142547933278598,0.0043985599233424,0.007551462156720516,0.010478303373969853,0.0016192262103859596,0.023081947656725926,0.017793889301350417,0.024589287467928253
conjfreq,4.6322486755871735,0.557260245849649,0.047635222175376246,0.12971610476707734,0.1601656351709512,0.25473416168519886,0.024583203581846236,0.049545771427802004,0.04227850874738298,0.07984838736948086,0.00442590666485284,0.06854326031013824,0.02178805778001415,0.07375678734894597,0.04243095480986009,0.009543947870167394,0.04036270246876,0.029718783221350326,0.018521525875645137,0.03467815202453477,0.0011672623005612448
verbfreq,10.0093545640948,1.2958624215565953,0.35471397442576724,0.08628951736270946,0.29349974805124013,0.11896134585913601,0.010139244363284117,0.10750841292189064,0.03108570359932994,0.18038055005355436,0.09193451517779767,0.0010407800791328997,0.06196877271783042,0.00811045065383681,0.0338064071647563,0.0789169562758974,0.04413499374845079,0.025037253673494936,0.022622026066538473,0.029238470452689166,0.06223407966494027
socialfreq,5.537186557171991,2.7500760839064897,2.6728265057286036,2.415649588094949,0.4559104411399396,0.34422762260733647,0.16261968989006859,0.12695088909162627,0.19907392425590714,0.05015079528538938,0.01646476001623698,0.15961284788592028,0.03646902539210353,0.03035778830280622,0.1956477323617577,0.0582869231635202,0.019385995309645118,0.013164139993374777,0.12113267522085404,0.055741773340311294,0.04413399444377333
anxfreq,0.517171886230907,0.1746179487996956,0.059001103849956965,0.0540950942014065,0.01116376825763544,0.05958244911398107,0.03748319657408429,0.007624875999499549,0.02608316979039496,0.01801184783606168,0.012417935035223818,0.002363481474296318,0.0019977369265676784,0.017905927005625464,0.0017305881106587963,0.015556390090079758,0.014063506452118204,0.018565928621234195,0.00581172820129937,0.009361188475873056,0.0061316790481204895
youfreq,0.2518806129902962,0.20324558115395333,0.5872863662614922,0.24136338802146953,0.6107780574523708,0.23815782428516252,0.06733052821149114,0.2262952318993364,0.03785829952737116,0.005833213643479298,0.01760872370553765,0.06379317918384103,0.0054036820574223845,0.07865235292874198,0.22564959841540944,0.029154152818974613,0.11669706323639954,0.025510779409973986,0.05893470640991198,0.13517662845099393,0.04489017967416195
timefreq,3.536374835167477,0.2330864644068957,0.48583083053074205,0.0038994956457420737,0.32099480072071096,0.290361591284379,0.6151676654919547,0.18637405754924843,0.0364587056335052,0.06775513676765299,0.09001688361564598,0.12735252962885762,0.09435844443112029,0.14326982690742784,0.08567764341049781,0.03101240650559087,0.06128372297425332,0.05822395880034391,0.03661797512164626,0.060473377297921176,0.012803481638921005
hearfreq,0.4674769908367057,0.06703659661857728,0.05023923052449883,0.056974431280010174,0.06988719932299198,0.02256690904042043,0.1526965242763062,0.05748055532973671,0.0465048721897421,0.06942609931593437,0.01872596855625852,0.0012935341873579233,0.0991293497659824,0.050161201946900824,0.07595004087300666,0.0618691587782349,0.004676456021074129,0.03871506178771039,0.04867543832228821,0.013199785454155587,0.007653545351801756
functfreq,33.033909530333304,4.4107030491143435,0.5126529817721648,1.290782254033496,1.9928574915754311,0.9805051766013669,0.3786876910742847,0.051430096901061484,0.055378339950074906,0.09426219296619187,0.24523082702431448,0.2778231810239973,0.05497295537816496,0.1911106718378197,0.04340148652883635,0.003783966872106803,0.013679516609561557,0.16818237666583913,0.02326780874915943,0.10893730406391733,0.01159691092857329
affectfreq,2.435004895589838,0.4027881708546806,1.743079979191676,0.45596240527873105,0.7927013686142417,0.12893125068698708,0.15293118823154928,0.1177226010795364,0.14231484429709435,0.03281887041096121,0.06309954404665963,0.08537523327522349,0.0013221842286012947,0.09943790536639543,0.012478913567417621,0.0081174281059633,0.010067971765847226,0.05691843892166097,0.030427923644327212,0.07051058845336122,0.019592664630654344
swearfreq,0.23996941424246232,0.20027637046698116,0.03210791692769441,0.028986937344086573,0.043994023108279864,0.04329664757223921,0.05319119370192177,0.06301287065090229,0.07581807674730867,0.02172293269958117,0.03723671455115467,0.04183985497809189,0.020738076942102803,0.04035740932455296,0.0020265891672280765,0.014873495559798687,0.018839494099312713,0.004446066586331239,0.025290347379007476,0.0017585951197224066,0.00013833342676886117
prepsfreq,4.878794631634311,1.3988928061679908,0.6561311863130723,0.598176636492723,0.7413840546104746,0.7110544529363169,0.14579874717468533,0.00021452091245868776,0.08860216014571021,0.1169812055275184,0.19370101218197666,0.15247611169420783,0.04734923141471867,0.14324933176458104,0.040950432362418965,0.0374366300464848,0.09848430272375944,0.01687471508640928,0.013267179147437684,0.053499486124855083,0.023716135360355106
friendfreq,0.30639430821255564,0.13995709818222268,0.008294514076502363,0.07811169941296114,0.08423101781805728,0.037678609540306565,0.01846836925345426,0.020393661274448225,0.0021793559618135845,0.015029241216370344,0.013505015540152975,0.014567429926456208,0.003076119386784629,0.006283578830267205,0.042229734828339,0.015415458846913345,0.03080130865482372,0.0027543679848627363,0.003415975696743869,0.001670521930142631,0.001500994313461229
humansfreq,0.7353861171166804,0.40040229967237684,0.24613877166055226,0.20678071823679342,0.11239942902021169,0.11889281583241372,0.11757702873729406,0.060769859305128786,0.07059670836264872,0.01400607152161296,0.10454734189491194,0.015170018700884637,0.01478007900510767,0.021207174549486875,0.03681843017959416,0.01026649029854151,0.016716910953716465,0.03327003841866605,0.001576919788186029,0.009751743279955243,0.02288675347117635
presentfreq,5.384179525738768,1.9253633495620026,0.07156615777035381,0.010220470750468613,0.6382022137392374,0.14211505632166804,0.023759010553853932,0.1551473328330995,0.07875521351982923,0.2035054448143451,0.12801232287336595,0.07043330301989587,0.11681227491272003,0.045451112095365204,0.042099630576898125,0.015945882756411484,0.07983930358915181,0.016747085476851595,0.04962946158332977,0.025542261236539757,0.04840508270650665
insightfreq,1.794434655673094,0.28997841931676305,0.08345294643120652,0.11642414619322793,0.10001936419782903,0.2386639393704095,0.16745331134035732,0.03512465467412841,0.16009409109742814,0.1270355128392194,0.10813587017286463,0.04366249948815015,0.09877400143248381,0.04475915117597576,0.04665098111547048,0.07269967842602551,0.05517931167960563,0.0007328227259878542,0.050394175665487484,0.006262662634953222,0.05126288507558474
articlefreq,0.34942191939911404,1.3530028544242012,0.6560969261283387,0.09396749812978869,1.363834637139207,0.5015093763592948,0.46786994400265364,0.15987251314202916,0.06246080505962051,0.02234043766412725,0.17249491539458356,0.21089936071880053,0.11320000996580165,0.05802788440085413,0.12878598910658237,0.0035568068915130535,0.07168825130697686,0.05480521185492443,0.051652966473664325,0.012177762529855213,0.007268036092346747
ppronfreq,10.36732632237548,1.8739804362146386,1.124227339156554,0.9869745631461646,0.7047848500444329,0.4055737204014095,0.4441775988398123,0.14895668405173754,0.20891218472766263,0.07029908351843794,0.021676081601443943,0.032833994888042395,0.032629109890985324,0.11976340856532716,0.21662061316463463,0.11172081151242688,0.07822449742993273,0.018749451137137343,0.04589301005931638,0.20838787144175094,0.05426983000008791
futurefreq,0.27077690401989307,0.3563024037378876,0.10684913492864388,0.05762652313512147,0.032567437781181964,0.04399458584774629,0.014640415348853783,0.07460005486174993,0.000722923031542963,0.05947227044385728,0.027792388622599716,0.007767155726528409,0.010725709270119937,0.029965435712482315,0.01874621095831705,0.024526304504551566,0.029533647959336124,0.011710895535981494,0.0027014034753293716,0.021633542518431102,0.016744242796064117
pronounfreq,14.43380606328828,0.8587424592863451,1.1775791781222689,0.6832271430968864,0.36714169809628594,0.5811678553884584,0.036930759400992885,0.12422350939730059,0.19897721518677247,0.003362543126723072,0.020999059695040075,0.010752097796080412,0.05265976871035125,0.027351101420943436,0.209786509756064,0.10892064982117443,0.04124160582987464,0.017747098291798907,0.02832877222104377,0.170594545866541,0.06585929451955069
