,d1,d2,d3,d4,d5,d6,d7,d8,d9,d10,d11,d12,d13,d14,d15,d16,d17,d18,d19,d20,d21
perceptfreq,0.7884258832445782,0.48018048551802406,0.5329871165684336,0.11060642898316922,0.15726806691179637,0.388145205619269,0.45590424258669743,0.05284948538180778,0.06509546706180822,0.22002094527915264,0.17254790274098758,0.08342422124778016,0.07840342973790618,0.09024529783518939,0.006237311831319196,0.011492477674213027,0.008601401800697206,0.018422216462741087,0.032137368872495305,0.029481202656883587,0.03712206899069062
tentatfreq,1.7048473635650256,0.992229519855324,0.0477297131219555,0.0029632360478838715,0.3022539377085407,0.08288673210965596,0.202454826019966,0.047543391824850165,0.0372941927401264,0.13625769586749137,0.007060912009947495,0.05190765085413602,0.026537139107878114,0.06265621436490995,0.019514909887730886,0.06497325670986694,0.03492762750080019,0.012394369226802118,0.009625416062176328,0.06290054060991683,0.04416552003329401
ipronfreq,4.067535309932472,1.014274928601725,0.052049741033041566,0.30481460972649704,0.33837447828917994,0.17545164005303568,0.40788964607947326,0.023575652028603802,0.009278391011579332,0.07128835911919015,0.000761369844962282,0.023212614354620735,0.01811661534526351,0.14700888399764916,0.006559656323393448,0.0010047748360286907,0.036673090878302825,0.0013730345335244629,0.015551064091506684,0.03687918444191526,0.014617184280412102
relativfreq,5.440340229245594,0.6135785266404301,0.48994613279734345,0.4540757465853059,1.3730570571506318,1.19432940234377,0.8074512108211344,0.32546540262992407,0.23672440576915027,0.010441119397932325,0.12179628194115819,0.06228280166887852,0.037838032659441315,0.15766348524372575,0.03399709005046017,0.012246703274332027,0.09792855102984165,0.08431959313459422,0.07464450794473873,0.052986603282828684,0.017449814031068434
causefreq,0.616141492930784,0.6156475738135347,0.18002856680741885,0.2104178516715325,0.0732691855173834,0.05356929615069644,0.05882016247334913,0.08275232203317834,0.10579371027535867,0.0449400214790105,0.09282197176826174,0.04172247262366552,0.0709398425536237,0.06476261852775372,0.0029862241806727016,0.11719939634150664,0.03672649764813318,0.008264439298649645,0.0014133287678144806,0.0066741134085369185,0.05533725230809264
feelfreq,0.43990078360136464,0.30113685362332787,0.24212925928038947,0.17945318908387936,0.13586295731326503,0.16089725889977635,0.059487786132458184,0.021884958020490994,0.004662546177119455,0.05276613203204359,0.07479268551186782,0.012575232321858065,0.0489716088196058,0.034168275230789906,0.0276104550837776,0.0047135368523823435,0.0175385711441132,0.028259525731457853,0.034062346398587046,0.019271034237284837,0.0028187620423129134
homefreq,0.2830792117384796,0.1677349344163184,0.18762775138540017,0.18174544243193497,0.15165544664524017,0.025817408113776075,0.027664765703923618,0.016099928818604243,0.020597980080800996,0.017529672037691194,0.03925631425125513,0.016725946075483677,0.10038192051520764,0.008257454599083308,0.008696519128670617,0.005580640185015421,0.011434238057567308,0.014581759559910513,0.0009661595414268706,0.011383046273951758,0.07017777201029862
leisurefreq,0.48781072921207635,0.3903548666793514,0.8126154417573296,0.015059077197967792,0.3890589297751742,0.3549527596607128,0.1687353560783471,0.4805969526298583,0.1083756712442291,0.10330849692466422,0.20465685598386812,0.15750312801652014,0.03777364953406381,0.025199170674038165,0.11724679276152122,0.07734195324255413,0.06388998731854592,0.02007283879707876,0.04809129869359126,0.09024379336963262,0.09251581305299356
bodyfreq,0.3834687951605274,0.7073870109716934,0.16032404139805556,0.12780755258980203,0.05160469159169989,0.344603270215516,0.15094254860135498,0.12408330363403663,0.01502429312534434,0.030797601015359437,0.0017185211575485347,0.02412567153963984,0.04218316329969965,0.020175668061904985,0.027707996624493,0.0018375275708805532,0.010295586851867336,0.0003349587220072498,0.03504447288846113,0.039126296141190314,0.0235101174305717
biofreq,1.6627225246129533,1.5976707346754835,0.5447318584505899,0.45531145393867267,0.22325720105610244,0.5695191487594116,0.013250239105986487,0.29411854042909813,0.2419980469226799,0.06334193494885396,0.11933361471478919,0.02687047153510231,0.057242856224942164,0.013060102237995842,0.022489694993533264,0.0005086739581073108,0.0023484347735682996,0.03155559289892361,0.010157500818339757,0.0592872119092414,0.009184282114165599
spacefreq,1.5068853473193813,0.5555447370580582,0.06674091439015752,0.3513511993322975,0.6139710921851902,0.7009042587198813,0.04379878694553263,0.11728499027042126,0.1392196654863055,0.10349470269144906,0.07735937248660932,0.15604311366875245,0.0277117950009844,0.08461435787995988,0.09897811863794029,0.0432855524223447,0.03718534862577422,0.0015900666627163898,0.0040226663684702225,0.034169219256643235,0.047041756678175714
quantfreq,0.8138291000459048,0.8784144126524227,0.17267991731163296,0.07533999090552661,0.1183827126132876,0.1598121479252841,0.06161640314392054,0.04568996850341853,0.028193886763569,0.0005448502873253158,0.04167715242734834,0.11771615706093196,0.07951137469411695,0.004456884129175193,0.02792525622761874,0.0003971681331295454,0.0022955652200127314,0.043360657159144285,0.02122434696002634,0.010368613678977944,0.03651396176907527
discrepfreq,1.158474734021996,0.5727287391140103,0.023430477562867282,0.10870142956169634,0.16797428380772203,0.031481996943826036,0.006132843190297783,0.061118568019194346,0.007493250111486965,0.10043004777297959,0.06669425250210115,0.04028691441582752,0.0234651543148684,0.04686558826815973,0.010131965694415102,0.014213430381916038,0.024756502506335272,0.008894298976988901,0.009957165709353153,0.013492972394031943,8.63851528260795e-05
sadfreq,0.3182790321884381,0.1044599962647908,0.12327966987530324,0.18695897647624538,0.0028920526085617054,0.029638843884243527,0.0838532845501056,0.014005406141499067,0.006422846033387155,0.0014612978831783107,0.01952477921123236,0.016004022918303436,0.002988428910091245,0.013189924749924222,0.018949216771077804,0.01106531429832048,0.016680613870554948,0.002845278813668933,0.004782073163496088,0.0017712812057895288,0.01300079691893072
motionfreq,0.540854188622355,0.05864785352082373,0.06469963354104938,0.10129954261338157,0.3768259989188985,0.2016701302077492,0.15596481184264085,0.026425746925582146,0.13132621720210919,0.01412576778451629,0.02935495911348085,0.047828219404122296,0.04996958242791197,0.05839708936421558,0.018975576532841862,0.028007116911035967,0.07885487285496878,0.00074971656306623,0.035700042191754856,0.0279496108779946,0.04120799751949441
inhibfreq,0.09825358419133987,0.03933327926111646,0.12254094678454922,0.013019360039863296,0.04815517938667094,0.05293640803118209,0.06011516918062385,0.06269258450068975,0.00560549788170555,0.02065073299462002,0.02622886840254257,0.042330823799246506,0.005879283228480335,0.002916555744893556,0.0022525560581124378,0.014880208801245003,0.01667511000046947,0.008260693239095316,0.004302717847458488,0.022411741654888444,0.011479402016321286
moneyfreq,0.8685527919668818,0.7886313257030902,0.2774263240081175,0.4435709747593171,0.22154377699421268,0.07353998117976043,0.3170843045740116,0.4885779639738549,0.28804064047398426,0.10320688781498348,0.058664577881364886,0.3173890406523574,0.07421819911399016,0.0985557658200504,0.011864202416759713,0.039764631052326325,0.0010363630046350894,0.048436218456326736,0.07911418438895007,0.08230242970821369,0.043575488849442824
numberfreq,0.23708018823944457,0.00528051952222788,0.07706412695471815,0.023372219286066462,0.15131394434051276,0.08308030166621687,0.01945499908018107,0.040841693799861786,0.005455334858977475,0.01665675722735204,0.0485880132358723,0.01431266191200396,0.022537792304648963,0.013299904472704656,0.0002542754514914189,0.015882911692581304,0.011076695111879595,0.0115678572258455,0.004641790647274997,0.03252039010297722,0.010730917494919135
shehefreq,2.2742546636793786,1.913653189845642,0.3510081072476493,0.5948984851801405,0.6676478097071115,0.16095403228005614,0.09888317888752216,0.09059042050626823,0.09403113090710517,0.2242539844088768,0.25356546493067156,0.05969194555614251,0.21186960410770783,0.10396753645089576,0.028308954282341252,0.025828319379499635,0.028568581347374493,0.006893304169374484,0.08084539931187285,0.04742887757296049,0.012648054993821918
seefreq,0.16068794614932505,0.08610954279724724,0.12790933337227728,0.027646942349729753,0.06813147784614626,0.16644256197021978,0.23566452589983158,0.02731817450600868,0.04745466132232942,0.07286879528001457,0.06851990755433413,0.0693065130613493,0.012089489636195785,0.007494228337263252,0.03830944951966475,0.051995671735775614,0.01814687199236608,0.017895863479171655,0.0053767302473538055,0.021850124236526176,0.038209450354843424
posemofreq,0.8193300718006069,0.294342463483526,0.9057636321099243,0.22838703761463083,0.8075415227275203,0.2526641557917185,0.022028033717051282,0.1463574436206261,0.04954097964162073,0.03923055348462587,0.08158216424820514,0.11884108049984947,0.03976021015353998,0.06308095171440092,0.017122733041566134,0.03190214165609243,0.02491238093845679,0.09182802902238962,0.006602994450599177,0.08586134343202577,0.05414653641382462
assentfreq,0.1897840115248079,0.15729995347558515,0.09028353493592967,0.025739099037071084,0.10908097681968187,0.03232137677662377,0.01232998696499441,0.020221543696256464,0.03570876473443673,0.01596202827679094,0.002438499397257578,0.031652948146549634,0.003370752346978754,0.0509499092170634,0.007045902708308975,0.01179113265443993,0.0036153578890051603,0.008500503550838296,0.03400564524235948,0.0005639176363447804,0.007767764230669647
nonflfreq,0.043689484009238375,0.013101432138922384,0.012581714145152273,0.007932587861788522,0.01519151659955513,0.01611117661303489,0.0007602009507147673,0.0037636232658311525,0.0024019224834549834,0.01331472864731534,0.005869229826077606,0.018347830489159396,0.012847831278680812,0.004452068196162983,0.001217405565387056,0.0009721311154748521,0.010309503668222336,0.012002142556146768,0.002562168100990833,0.0033854797033255023,0.0021328094653039085
certainfreq,0.800664155116735,0.0434861207266729,0.1813662118185679,0.03140841222660398,0.013966932626661786,0.018583451300659103,0.027735497981746876,0.015210540422624909,0.023511733123708953,0.10240057168157807,0.0030154162396985665,0.00636035751624304,0.017435911691327303,0.04492442286436631,0.012773944865285408,0.024252391173642113,0.0037819594137045434,0.019291949271080418,0.020228685490998974,0.0027439276626318723,0.004793079612070098
cogmechfreq,10.644396043818393,2.4020734883733774,0.5216711180182708,0.3124247687838929,0.35685014796761055,0.14683199792105892,0.2191252808505081,0.06685392503141835,0.32812528499743276,0.17660245852308548,0.0727291735699139,0.18452812877500882,0.10613355041593713,0.03871218391280645,0.05753417627790988,0.07070064152092632,0.05747891187620695,0.0323471924963826,0.06733557598060326,0.055641895465256955,0.0954640779976384
ingestfreq,0.36514696543590186,0.27153975924786744,0.2311642202707265,0.13609393854973717,0.010700030235670177,0.20270817760992477,0.12045009096905891,0.04393828946315599,0.1693631506083626,0.07519324322753226,0.04493545718407277,0.09913534392985933,0.09962995339594533,0.04623370728494129,0.03270677083042696,0.054941659036161106,0.00676022014139729,0.042247158884961535,0.08512710663287407,0.036384338034990256,0.0023251832688708446
deathfreq,0.20743134219145737,0.13755245915460984,0.24149926786965173,0.11266378912684452,0.04551513040167543,0.034814901735134976,0.0001492558576863933,0.0014036002386876092,0.03342227582534834,0.001536018811522351,0.00025822803540228277,0.00993292360162966,0.04095256263532449,0.019565554178963336,0.010154943539878995,0.054103772790626815,0.010062547939403081,0.009856638467991594,0.018497204657894496,0.00801301526646092,0.03697681939903685
achievefreq,0.234935874150717,0.6584950243740728,0.6050255145707479,0.12762060540002765,0.07574406365094816,0.22985863348948438,0.26753223932698056,0.07888593821946507,0.08963836678692415,0.06178811706458254,0.03461938281897492,0.11724647908675093,0.09812022789671423,0.11161347791218452,0.037689389493033534,0.10895828570360866,0.08661175973169316,0.014423087979427991,0.009446050083294813,5.6112856814597226e-05,0.03913547709569913
pastfreq,3.6711184410865987,1.1742801826122593,0.6346361699825012,0.019210003859186843,0.9169216201300582,0.06170671469230306,0.050804891315342604,0.1567805621455316,0.12346908589087188,0.13636638703649065,0.06811767662267527,0.08592323039992504,0.08558042203212364,0.1084224725940116,0.05991372853778098,0.029267401742693003,0.009696845772879218,0.004916025532343202,0.03218647515976421,0.013198624663512638,0.02251025345131272
auxverbfreq,5.7453126024553605,1.3070286048279687,0.062441061652298,0.1370599968310802,0.14690520482360794,0.06764715603270935,0.019249024535554382,0.12595451388970347,0.08073200726757918,0.17786900647002343,0.04122859833195884,0.03352455523692707,0.10710135370282772,0.06116355776382759,0.020576595037056306,0.12612376771604222,0.05359826467759918,0.01682728182210605,0.009778269641237111,0.0013354954056219517,0.05866206501216516
exclfreq,2.1778787336788024,0.6277587515068817,0.06592215213764398,0.07418278533267768,0.2954239412597775,0.00025467547834751025,0.12583557192374278,0.06710597926859671,0.018560036365549884,0.089601539434659,0.017558348020002043,0.0511209320273089,0.02602457466961088,0.012725952662712176,0.021486686612361763,0.053692450640568226,0.01580181647330088,0.010596320846613133,0.008799389350620438,0.03278496677557133,0.011891364402603972
inclfreq,2.9261864553488017,0.10552884509626351,0.30717209381695654,0.7032102590715782,0.1484394138665361,0.41143289130987154,0.22935787572609342,0.07145029942922995,0.04157992683887718,0.12458732760305549,0.05825313192969197,0.12776215294722976,0.038501909228716255,0.028596173131171007,0.07517785267323443,0.016422551126582127,0.05558326606963432,0.008060305359127953,0.013143773675302412,0.019021554654750444,0.005773237614533855
ifreq,7.123829109206227,0.06183043701134944,2.7503320505955684,0.44039271828387583,0.7878848083600335,0.5485674005588587,0.4292298680046009,0.05898005684514869,0.35268059653070044,0.003287992928140984,0.27696531117261636,0.15606050870602256,0.05732900362897449,0.16404387522607114,0.013580002732375904,0.11588777102520911,0.05644183323597919,0.0710357140995804,0.02790724128040518,0.0961617641880683,0.02734820998245731
negemofreq,1.569414686820485,0.6905556544887754,0.8227349554621834,0.7009155854843627,0.03615993210818279,0.12022410109494036,0.12647880198140246,0.024082044802897953,0.09620060358125013,0.01173592374992935,0.021128385830999876,0.033602741953758224,0.0401482409547657,0.031104924275771925,0.029981897365529787,0.035276956502677884,0.01422569086928311,0.03455364455240985,0.02136358516588005,0.01609106389572209,0.03827395128754071
adverbfreq,4.2584796094127935,0.3787252332011505,0.15704708580042587,0.2803731396898146,0.022939062922980452,0.016504273061497127,0.09941228805983458,0.10265369239471517,0.06316042170443953,0.08326600636039336,0.004317317982280702,0.08332226896357588,0.028238229326037097,0.06399408537557594,0.033509895454948854,0.01785169850230757,0.03067748127579267,0.023255707835576664,0.0002576824876080047,0.02912848773505232,0.00310310850517094
fillerfreq,0.00333942428814101,0.0006602930953949128,0.0009381250787082549,0.0005083654482838222,0.00034452882533207436,0.000557747507149018,0.0012021392269411324,0.0012135081251337184,0.0006065989725203556,0.00013085622160981093,0.00019243731785583004,0.0009876889165217994,0.00019724471588201717,0.00042280712553237874,6.393809229905745e-05,0.00022367868882495893,0.000295412035968209,9.173240563756548e-05,0.0003094525420224955,0.0003051212345554937,0.0005050852611564686
workfreq,0.8696542614022272,0.9529764734985329,0.23447366949328777,0.4887068312224824,0.0778976969515274,0.23637451618094846,0.4603814403759836,0.19806102163239658,0.09086295885489785,0.22377468639447665,0.3328320836245865,0.24086599431205374,0.18555934505102,0.34107523831494013,0.006615056168115606,0.16433563727632788,0.19940293373591206,0.04320967835362843,0.042144029098778894,0.07791265794179258,0.022700609499512706
absolutistfreq,0.7438538432238829,0.046142177088492345,0.13062042215322972,0.019177696131861988,0.06154756378410137,0.005430877191137554,0.06652720846974369,0.006390923702586031,0.002770595357689809,0.07640243913329209,0.0038413234731280426,0.011556111100414171,0.0014220018417297675,0.04696797031046406,0.010060807326437757,0.009459062627537335,0.01494772499344493,0.013104190650184071,0.010365838476427375,0.006308338548283189,0.005377839990557531
theyfreq,0.4326389957557654,0.029472744393441327,0.3024238687153676,0.011852424444301072,0.2609555562871017,0.03686688459410295,0.09963617525737435,0.09890588921579432,0.007307870169137889,0.020419395260763067,0.04483380657147238,0.03912655715610207,0.03590963616422896,0.014050865645837945,0.031735566454586986,0.027927972678387425,0.034916596578085185,0.009818056479156892,0.04293996801704429,0.009237855428899225,0.01193506768492936
familyfreq,0.2710106111327741,0.45387643702241,0.048030507596100475,0.06899972333270839,0.057004921205096135,0.10622775674220208,0.05752287972851017,0.005541369055116919,0.01952350593984416,0.05330318206894229,0.007446579955026912,0.06052135466391134,0.064252656115972,0.011676561409647793,0.019332021555329086,0.007327110903926648,0.0017374091158410716,0.1246197253629054,0.05622640642329024,0.01398587406844012,0.027990604637105714
wefreq,0.2868356875410335,0.13275285490619937,0.3837487718784893,0.603338567677479,0.23595238415236386,0.10235993644623424,0.28100814338432756,0.026570039426740917,0.08068277646609659,0.14300295163480678,0.10687606839509405,0.0388412096885892,0.08054106603842101,0.08369221656234743,0.020022724667356537,0.08667455272297353,0.07431072928025856,0.024204288810829262,0.002557855748453377,0.014771919676472452,0.011606444724415965
healthfreq,0.5697618723289142,0.36572078962808724,0.17182037619123278,0.2942699373620559,0.031621811014534124,0.042675236115729986,0.12689623615146034,0.07612292701092208,0.14175588712492226,0.004796747653835795,0.03870747441239643,0.00035924098829377867,0.030366186131062636,0.03678291771347964,0.03870727169645789,0.03898013580305089,0.0026180573199181337,0.06984735771168193,0.0489151569378921,0.04915325797984617,0.008017178041992385
negatefreq,1.2413915401257887,0.09212548970347752,0.06710135626626543,0.10539348170186527,0.011313471333680731,0.1835514431669743,0.005064112777593374,0.02911331231035333,0.03004901972730735,0.0059634618867707295,0.04661218382328999,0.01392926971458267,0.04271820626924169,0.06266428122277816,0.0019897027007353893,0.0015580971106226547,0.03867993579974563,0.011626393546109377,0.019514949741733404,0.005391206133557518,0.03780357655852283
religfreq,0.02094207515589004,0.15921785688438925,0.1492613693287799,0.038306003100879345,0.0538862892549002,0.10882230148513937,0.09859649999060874,0.009576436055225665,0.059287490613283866,0.07794989223453994,0.06360844918412066,0.034636865223502705,0.08385130583368855,0.04409640980668296,0.09114146544879036,0.061087964480899114,0.04130666042703146,0.10993032640939795,0.012072393076447717,0.03477319947821266,0.0493335231643523
angerfreq,0.31036636445630833,0.3369205336445742,0.7732117418137037,0.3552627048894904,0.022620288405494033,0.019245469323009717,0.0032731483792424083,0.019387682565258288,0.11833376016784974,0.030127109959623154,0.017605546794336797,0.03879631578874014,0.03146550899162476,0.00847434170282206,0.055003269628852464,0.029087831205886185,0.01717139115252353,0.005650752439011742,0.03949090636552807,0.030162815967862886,0.04475209728860571
sexualfreq,0.40823647833969423,0.4017491876483741,0.021449943607297642,0.09175515339357157,0.19936571082151247,0.06734153113169915,0.14421919748639944,0.09981027544277711,0.07009792908268477,0.05243489970490421,0.06563352229820237,0.08184248318360952,0.053569994107487875,0.04137670753710939,0.004501230909960818,0.007409258181958528,0.010648414893283276,0.0010492920188573491,0.02264712526552857,0.01869848939647175,0.022422920420423292
conjfreq,4.632248674961289,0.5572601889576728,0.047635232880537094,0.1297168976857715,0.16016713492073192,0.25473550168401854,0.024582168962308054,0.049542224613198724,0.04225371447939863,0.0799465726099452,0.004528473725769595,0.06855888967067797,0.021658081356351198,0.07380870195774941,0.04252794806608598,0.009117844677454544,0.04021433307768407,0.02972630836542118,0.016837840767830153,0.032960049630058344,0.0005053211035025984
verbfreq,10.009354564870208,1.295862430201868,0.35471400761177563,0.08628874011741067,0.29350053832061895,0.11895752544625912,0.010135019076166984,0.10753832600985419,0.030985034091971453,0.18031660596277563,0.09184016954948049,0.0008181592307737601,0.061787823136035716,0.00816862012678371,0.034157500804394975,0.07726307900730209,0.045273267571950576,0.026316138797966293,0.018733385109514056,0.026846297519558707,0.06181841628744561
socialfreq,5.537186556747546,2.7500760324473035,2.6728266247631174,2.415649469534512,0.45590965597453337,0.3442341130715473,0.1626139186613221,0.12693266992197855,0.19902776771160335,0.05023598103949972,0.016380669385608185,0.15944244316304534,0.036333679394202026,0.030366473718291376,0.1960556610727334,0.05803591766999707,0.019714665462105124,0.012575331847606307,0.11889657496394379,0.056873372691549164,0.04160311667185204
anxfreq,0.5171718863404128,0.17461797063742868,0.05900113317173902,0.05409491220342715,0.011164382416079147,0.059581479117691176,0.03748113591723689,0.007640448365837206,0.026094970286349092,0.018038774809193796,0.012376832981048478,0.0023518781349503564,0.0019390571329976768,0.017919790478208575,0.0015823019019568932,0.015608698463356902,0.01406020094306833,0.018417712989343374,0.006052668485085225,0.008815762441127825,0.005969153161456789
youfreq,0.25188061245041604,0.20324562584290204,0.5872864629053594,0.24136331169689587,0.610777400580355,0.23815246727469086,0.06732552068819483,0.226274748964097,0.03790870447991869,0.0059434326989622754,0.017670329858663666,0.06367620259397735,0.005480700679118707,0.0786827538793279,0.22600642371241197,0.02881359795837075,0.11627820198660092,0.02571153081862164,0.057427318582127546,0.13635547648266516,0.04122855996210226
timefreq,3.536374835448944,0.2330863754996194,0.4858308426389265,0.0039000224875306577,0.3209976853024199,0.2903563394684526,0.6151702528231967,0.18646347261640184,0.03638714712430591,0.06773254321724159,0.09012554718029002,0.1272284192621074,0.09416752715148702,0.14315538488415844,0.08549480380041874,0.032545904947248155,0.05927934455801626,0.05631646883161938,0.03377968553871583,0.06404616841863661,0.010344308465431544
hearfreq,0.4674769909788944,0.0670365532874537,0.05023923505694811,0.05697420056647107,0.06988796055675403,0.02256910517623787,0.15269545590515493,0.057504444362747334,0.046520450084076764,0.06944303516731841,0.01870057022525945,0.0013204840042261197,0.09932628616999267,0.050155703415663444,0.07599744150237475,0.06174416546559959,0.004291271956106289,0.03905686029936059,0.04914338122750375,0.014169641597258325,0.0057708066029459205
functfreq,33.033909533489336,4.41070306304748,0.5126523816399893,1.2907825952157674,1.9928532155258556,0.9805082149480661,0.37871250378682,0.05132134247239084,0.05549483985031611,0.09355262609839898,0.24493808760522984,0.27815974916000075,0.05697522991834078,0.19003172504273946,0.044388606157894084,0.005863994984497356,0.016012722508302463,0.16057805226209815,0.022489961386238905,0.11822315175598808,0.02113692766905051
affectfreq,2.4350048966320856,0.4027881312383862,1.743079954084696,0.45596293254474274,0.7927009370034932,0.1289302673767685,0.1529274729636511,0.11770012437981883,0.14221503749696357,0.03290995716372597,0.06323805732203815,0.08537254484413573,0.0015879621740801965,0.09940315261074187,0.012136443354483217,0.006506349689135528,0.011214166062021039,0.05514342020951889,0.0283220748608368,0.06981836507873307,0.016838280695254976
swearfreq,0.23996941401004007,0.2002764140527189,0.03210793669208821,0.02898660169601693,0.04399491808469775,0.04329840566902522,0.05319178126387676,0.06303326621153572,0.07580983103540667,0.021756941989330054,0.0371770273702302,0.04181378295825046,0.02092192607553718,0.04028066356652435,0.0020698468803642183,0.014765639758226238,0.018802577546795176,0.00422928396626151,0.025245353889693678,0.0012697557108716263,0.0005982167659283185
prepsfreq,4.878794632272586,1.3988926954455358,0.6561308844833257,0.5981778444883616,0.7413806081525108,0.7110605283166783,0.1457852542341984,0.00027637661381987866,0.08859087317340264,0.11724091520985169,0.19338710100317885,0.15259084502507883,0.04694098648728283,0.1429890499602015,0.04222106972417325,0.03650711227936243,0.09872951837233482,0.016431059501197776,0.014321335244900708,0.049146650653363794,0.02812024351386183
friendfreq,0.3063943082398408,0.13995708340169138,0.008294528384585257,0.07811157076359007,0.08423074529930624,0.03767947757180199,0.01846910759314285,0.02039735123091345,0.002178945979698395,0.015029156071251736,0.013529939527434453,0.014555218054066742,0.0031304943855190283,0.006262743114841013,0.0421601110651487,0.015485463332231015,0.030741266703795483,0.0028174704489731185,0.0036211462168456105,0.0017529619429841297,0.001427009788080121
humansfreq,0.7353861163340136,0.40040236029495435,0.24613868520972687,0.20678123606459714,0.11239980676682233,0.11888773559816221,0.11757832888379972,0.06074613711721262,0.0705199441341206,0.013917032160480913,0.10442503012811127,0.0151009784985789,0.014479769134012742,0.021209769603026507,0.037258329889732836,0.011606977790489435,0.017847766272540012,0.03220204950199917,0.0026893000641618403,0.011661338206150684,0.025084355495485336
presentfreq,5.384179524808935,1.9253633774166592,0.07156633494791614,0.010220286261308997,0.6382015805923926,0.14212080836548174,0.023751782667510823,0.15514957071735602,0.07869073887744951,0.20364378777945197,0.12796907630213572,0.07051684887714407,0.11688013653077604,0.0452758305465539,0.041519718816381015,0.015979659185923478,0.08051914878290305,0.01553826877408726,0.05035312326253173,0.025601081929854205,0.05542644817787892
insightfreq,1.794434655724372,0.28997854294366926,0.08345278379768328,0.11642524912611965,0.10002195104138364,0.23867205059376306,0.16744611088363687,0.035155980991832134,0.1600976782344914,0.1269907947681562,0.10838469191862288,0.04377557662737616,0.09843281131417563,0.04471668551340039,0.04728223692870449,0.07215110016875487,0.05463929907138969,0.000322441397818278,0.04965895668113593,0.005357962764568438,0.05030555210536501
articlefreq,0.3494219216482411,1.3530030670243907,0.65609675972782,0.09396605140108516,1.3638357619654273,0.5014980933567088,0.4678746444783555,0.15985047134873978,0.06255310857276794,0.021956262684630343,0.17265569062462924,0.21127440973553588,0.11506595847163884,0.057145136194308915,0.12825127947364304,0.006158603361260222,0.069118491897312,0.049798467120384896,0.050796650452490974,0.01642817477337749,0.005628779428823116
ppronfreq,10.367326322222583,1.8739804724024212,1.124227371673576,0.9869748462324249,0.7047856400165771,0.4055721318510504,0.4441757836334322,0.1489767510903856,0.20892976564601184,0.07026532383019313,0.021762666938381442,0.03283685314767992,0.032701430397387314,0.11975330720599742,0.21638298173677345,0.11148352795059524,0.0780939290727481,0.01829170217651435,0.04446235775448612,0.20931575576904352,0.05607319674909227
futurefreq,0.270776904485839,0.3563024000503946,0.10684907186318802,0.057626337972586664,0.032567481469468224,0.04399680924492119,0.01463743335123327,0.07460982184659189,0.0007586930007795825,0.05939145710191031,0.027807941179788423,0.007847056065164596,0.0106703946848333,0.029956001770043966,0.01858794280451541,0.024259838297644474,0.029541933178972826,0.012054230297250713,0.0013992573116275407,0.020845627249586045,0.015675942571742728
pronounfreq,14.433806064196986,0.8587425133580469,1.1775792479699239,0.6832272690010992,0.3671431554367859,0.5811632837909322,0.03692429532974684,0.12428472289127762,0.19888363117502816,0.0034846045777684465,0.02104031997266026,0.01065586024545545,0.052789589505192684,0.027329290075316592,0.20981418992576972,0.10995746932897332,0.04197893523620414,0.01566532652880409,0.028639747796947654,0.1722663419839923,0.07005423923643585
